1.889451607605099892e-02
1.816504388883100063e-02
3.632121810232499803e-02
1.064898905905699994e-02
7.317393837052999991e-03
6.642347386579999617e-03
1.613175886730399897e-02
9.858962910459000487e-03
3.288890838665899791e-02
8.235160819041999203e-03
1.267494732003100061e-02
7.689506035437000155e-03
8.096415593311000192e-03
2.333839838011399909e-02
1.341815736339000038e-02
3.221813095017000278e-02
1.353449201254399922e-02
7.303723185982999647e-03
9.763937367212999902e-03
9.354311258736000209e-03
1.365210931924299917e-02
2.853037762362399879e-02
2.141527696054100136e-02
9.238400618747999796e-03
3.036851768115799918e-02
7.958827320957000476e-03
1.013918783345500035e-02
2.128436002769299937e-02
1.066033140541999998e-02
1.012143908588499994e-02
3.263489339580100124e-02
2.643455457938299891e-02
1.531513778272300050e-02
1.679987782209199990e-02
1.431080586078700007e-02
2.603907766046700129e-02
1.981174003190199970e-02
9.022550847822000814e-03
9.762113036626000190e-03
8.955796557939999999e-03
1.236363026296600012e-02
1.820377435470199937e-02
7.833928865975999661e-03
2.721513563411500150e-02
1.178540188885100065e-02
1.321134476897099959e-02
2.525962339113799887e-02
1.244392461459099992e-02
2.216793899109099908e-02
1.303882016881200041e-02
8.924795318180000700e-03
2.899629297594200072e-02
1.202155586206399979e-02
9.799680869901000041e-03
1.417019107321700055e-02
1.031903604121900062e-02
9.380901277568000352e-03
1.026514243289599997e-02
7.678927478275999856e-03
1.098297751563000017e-02
1.535045776231199963e-02
7.356017162301000181e-03
9.633351989492999756e-03
2.518710183396500116e-02
1.529756073507199977e-02
1.146007144910700035e-02
2.489304712269399880e-02
9.228906914270000247e-03
2.106198996944400048e-02
1.752563797545799926e-02
2.812083451165400122e-02
1.044816702086399929e-02
1.416404294072099931e-02
9.717093507877000436e-03
7.402679231232000244e-03
6.853457197696999695e-03
3.378927093246700264e-02
1.070009910747399956e-02
2.676632180170000069e-02
2.560403783299099872e-02
1.088509615947499953e-02
1.690653110345299859e-02
3.590525237806799913e-02
8.331392884151000641e-03
8.974399590025000303e-03
2.253273147972000012e-02
8.280733968863999636e-03
2.925282156714999887e-02
8.426524456007999930e-03
1.294798273195999980e-02
1.831737808634899961e-02
1.184843890866000074e-02
3.291744340350200027e-02
8.113324551089999906e-03
2.318736021740900113e-02
9.553372236019000430e-03
1.025411374121099929e-02
8.877958050170000129e-03
4.192764156475300291e-02
1.048875723964800069e-02
2.656173884912799849e-02
8.812215795677999161e-03
9.160153235127000207e-03
3.928616628809099981e-02
3.074669151683500148e-02
9.629190338608999492e-03
9.073701493252999198e-03
8.032372384288999356e-03
8.200689061050000714e-03
1.237084488538799966e-02
1.056212929280300056e-02
1.149031639673899971e-02
1.061217239315800052e-02
1.646598431601600104e-02
1.166860795518600072e-02
8.154342652559999280e-03
1.082810856991399916e-02
1.841789469318000014e-02
8.214176833691000032e-03
1.456203295739600008e-02
1.918362941793099949e-02
1.404727959424600069e-02
1.622512662305899966e-02
1.094171328882399992e-02
2.949785206282599936e-02
3.029385183033799986e-02
1.040088540072999987e-02
1.435096945463600060e-02
1.122592134367099946e-02
1.256862166715299982e-02
1.003348441648299963e-02
1.243001076178699982e-02
2.116380007635099841e-02
2.170110686564600058e-02
7.553601385088999816e-03
1.628511985171699969e-02
1.361060064448399963e-02
8.627576563074999469e-03
3.086000950993600042e-02
9.148845818634999266e-03
1.082144069151099938e-02
2.630998294017300107e-02
1.607223395788499876e-02
9.523715106395000754e-03
6.516521777216999906e-03
1.047211095222599919e-02
1.013396740376600047e-02
2.033395372556099853e-02
1.037177895983600051e-02
1.245970405157200041e-02
1.116065134430299990e-02
2.225270885802600046e-02
1.289403506824099953e-02
1.060287834762400037e-02
1.011473248175000055e-02
3.216835932380000124e-02
2.303092804329700052e-02
1.067658402567299956e-02
2.773534217313899930e-02
1.740987043999400047e-02
1.112060192040299940e-02
8.730172011252000652e-03
1.006597031367000017e-02
1.236901519383800004e-02
1.035895400709400081e-02
8.833242646499999198e-03
1.671934517196399864e-02
1.106911250563000042e-02
7.766309115701999950e-03
3.263394713757500343e-02
9.846378065110000105e-03
2.381906474068699875e-02
7.534775247627000135e-03
1.414773709242799979e-02
1.250661059529900067e-02
2.471515642227799930e-02
1.666860377729300138e-02
3.714942602135500038e-02
1.616371471987800013e-02
1.020630597981900083e-02
1.091122505985200018e-02
1.423407646458800004e-02
8.934482834032999449e-03
2.717477402658599953e-02
7.263854794041999831e-03
2.441406162873799995e-02
9.359571165664999637e-03
1.258546846480399981e-02
1.428583957075500038e-02
1.557994786476499943e-02
7.476338185907999839e-03
8.527650141550000354e-03
9.713210265548999356e-03
1.554787618447499992e-02
1.991656686464500156e-02
1.187616420234099968e-02
1.207101620492199989e-02
1.387866508528299951e-02
1.547470631358499951e-02
1.032051352480800079e-02
1.208677967924699954e-02
2.523655351846799955e-02
3.135542475840699672e-02
2.892528814665900130e-02
7.381149405981999798e-03
1.302278568578599943e-02
9.751641477961999968e-03
9.288587399148000301e-03
1.354361127342200086e-02
1.045065724013199970e-02
3.234999631408100318e-02
1.485257736194700064e-02
8.298715797747000314e-03
1.699090639932099994e-02
2.522932258184600041e-02
7.395261755084999930e-03
3.714908109119800100e-02
1.916557540215100067e-02
8.424538039815000767e-03
1.413251574896600034e-02
1.567650485845499889e-02
2.601197377803299987e-02
1.582826700694699856e-02
1.426412009294300044e-02
3.636281485793099733e-02
1.617994592934600059e-02
3.776529109525499778e-02
1.077012613037500038e-02
4.723988894233800001e-02
7.280248658991000238e-03
9.417874350105999437e-03
1.232982596993699963e-02
1.003105202870700069e-02
1.741616486204300082e-02
8.833945665161000230e-03
1.838129289225199844e-02
1.568269094410899844e-02
1.324019436817499944e-02
1.026693135016600034e-02
1.341289943245899986e-02
8.705165055388000561e-03
1.291429772462399962e-02
2.414488696644900151e-02
2.039452643821300024e-02
7.022555825693999922e-03
1.602273876970899957e-02
1.295693337689600086e-02
2.787348057646499982e-02
1.038421475346000024e-02
2.670165980357699920e-02
1.648439238346900010e-02
2.082848743576900044e-02
9.172915882066000337e-03
1.065163568063299919e-02
2.895837315531099923e-02
1.185125501650000079e-02
2.090332296465000073e-02
1.244596036496799923e-02
8.443175865962999904e-03
2.336154087912099830e-02
1.128369224115399923e-02
2.774597410566299882e-02
2.607586847209100028e-02
7.022985292151000258e-03
1.028437757338599920e-02
1.554162465933399927e-02
8.987491672652999503e-03
1.041831631198599992e-02
2.471823274950199836e-02
7.878544254357000218e-03
2.974021131043300126e-02
6.914791470098999651e-03
7.352312386812999770e-03
1.204638454701499953e-02
2.628775520628399975e-02
1.202893982867800013e-02
1.974193931954600079e-02
3.318093533484699903e-02
2.937375714275099886e-02
1.097173768386200052e-02
1.118573802235100015e-02
1.143208528292699935e-02
1.700948397408300061e-02
1.089373248811200019e-02
2.071563347006799907e-02
1.219192400690399976e-02
1.087722410934099937e-02
1.802019800314200171e-02
1.971877405940099942e-02
2.304809239623200126e-02
8.675850498105000530e-03
7.911346092897000512e-03
1.220338086979000022e-02
1.658530188900100150e-02
1.349801269957799990e-02
9.653122018758000453e-03
1.047006059238000074e-02
3.094317662278800105e-02
2.798989431997200156e-02
9.604864193923999538e-03
2.792819400670699947e-02
1.990775131514700008e-02
2.053637354812400118e-02
2.178867132820100014e-02
1.569752161628399853e-02
2.829147689986200032e-02
2.489645022328499865e-02
1.650173856670900108e-02
1.115006284618400012e-02
1.268137607277899925e-02
1.287163980249700010e-02
1.262899715597000025e-02
1.501803063185700067e-02
1.487943604157699988e-02
8.572423322252999481e-03
2.062197489715299897e-02
1.119394069600000013e-02
1.266208800795200033e-02
1.829251692191199985e-02
1.131701743049899969e-02
1.415124050966799947e-02
3.118812383422400053e-02
1.064621920225200004e-02
2.918619696269699956e-02
1.519344678015500071e-02
8.821402605065000596e-03
2.385177461445199890e-02
1.551361851576700014e-02
1.457231903384099969e-02
1.493925759244399930e-02
2.832954087974599855e-02
3.582842477756299771e-02
1.538119473324300011e-02
3.668591168658300039e-02
1.352750240961900045e-02
1.720675104516599871e-02
1.037280926037400033e-02
1.064133550680699918e-02
1.286757398877800065e-02
1.004346804343900050e-02
2.191257701345800113e-02
9.536471015042000121e-03
9.612805403809000435e-03
1.563321130630300135e-02
8.854968955907000644e-03
1.647233492989000000e-02
2.261823546117500139e-02
1.048187447540500049e-02
1.051525162323400063e-02
1.059152459434400083e-02
2.124498454407499834e-02
1.200139970734200034e-02
1.127744762260799935e-02
9.146461360900999885e-03
1.365573216656700006e-02
6.641575893816999837e-03
2.179634821997699853e-02
1.447696659838700051e-02
1.186607067126899985e-02
1.368409471297299916e-02
1.520370884488900058e-02
1.223440906994600029e-02
8.934194472700999340e-03
1.516840731872499959e-02
1.334372850583200043e-02
1.071455990517099915e-02
1.214193462641400059e-02
2.980192949694699875e-02
1.272661839468900054e-02
1.326184054048600014e-02
7.203632093327000385e-03
1.438093215142000059e-02
1.835222444451600071e-02
1.077530589225699983e-02
1.459073165175699995e-02
2.271538358008400038e-02
9.129378744556999881e-03
1.439286475730200063e-02
1.577582981074199947e-02
2.399695717862899980e-02
1.940261773362200043e-02
1.313816622086299950e-02
1.295996938902400052e-02
1.232036661656800078e-02
7.289942759713999819e-03
1.787787613715400084e-02
1.528344944601100000e-02
9.587340037772999757e-03
1.020353412528099933e-02
1.079128063942499938e-02
2.442198950877899968e-02
1.634483607582900080e-02
8.988884799749999668e-03
1.049382893852100068e-02
8.325275567024000706e-03
9.678953371796999994e-03
1.046180501578699955e-02
9.260729221078999387e-03
1.331289327497500036e-02
1.031798619567599919e-02
3.347059916703099686e-02
1.520786401985299921e-02
2.334711883955700035e-02
3.949042879279800189e-02
1.537231464063999915e-02
1.786485712466200082e-02
2.012957765161400153e-02
1.398208310756099935e-02
8.903637971442000462e-03
2.623777517632100084e-02
8.726878205976999758e-03
1.655482987291000130e-02
8.498165593907000201e-03
1.692199424662699930e-02
8.106472702731000110e-03
1.870397357798099860e-02
2.482843540086199924e-02
1.143327070317099944e-02
9.845888831022999235e-03
1.209326790967200048e-02
1.461423108355999929e-02
2.220638486229600111e-02
8.833741454570999754e-03
1.261965416221600030e-02
1.019869698691600046e-02
8.174390956941000527e-03
1.786805028127300132e-02
9.457367635594999752e-03
3.166053281205599701e-02
8.296278247576000311e-03
8.091014932620000863e-03
1.832135281743299884e-02
2.495193495563900049e-02
9.256517415603999696e-03
2.133570809513399974e-02
1.385931067848999998e-02
1.089958556049800027e-02
2.188623189530400012e-02
4.093923249048100205e-02
1.756312670162999898e-02
1.098124723889399960e-02
1.110107423443099962e-02
1.535377429907499973e-02
1.419448048772000044e-02
7.005297926442000112e-03
2.321494656505599871e-02
1.107616171177699949e-02
1.191643300136399977e-02
1.172826791122700066e-02
3.990052566817400143e-02
1.028768614057300017e-02
1.095628531618800076e-02
1.248093222205400032e-02
7.725193627711000356e-03
1.294494297045199922e-02
1.136995309240500067e-02
1.021485042985000036e-02
8.864657159297000683e-03
8.321415750030000322e-03
2.525972151344599986e-02
1.318975695368899970e-02
2.652414377411799890e-02
1.562042535953699941e-02
1.156553847554600035e-02
1.524931324171899943e-02
1.073689310839599960e-02
1.894455799423699904e-02
1.907303744159399850e-02
2.591045043670000061e-02
2.928479466137099904e-02
1.537926689390200011e-02
9.658239362401000588e-03
1.226786216339600076e-02
1.366215607088800028e-02
8.698595506035000299e-03
9.833292505332000624e-03
2.089807622172000154e-02
3.297156753887599961e-02
8.416435980902999339e-03
1.548375596730500008e-02
1.759729342632099930e-02
1.414495548145200052e-02
1.531733284836499925e-02
1.153065943201100028e-02
2.167262537913899889e-02
1.877182624237100014e-02
9.982162050831000152e-03
1.445021019652499919e-02
9.970610290196999653e-03
8.487187927657000031e-03
1.139835851995000052e-02
9.247812335850999141e-03
8.754795218838999984e-03
8.754795218838999984e-03
7.511976438719999635e-03
4.392659224301800197e-02
7.997075928211999640e-03
9.473098623640999194e-03
3.235857353633300043e-02
2.746342997058899907e-02
8.646670293012999678e-03
4.093638594495099814e-02
3.422774040878000246e-02
1.808039985923199852e-02
9.864228905253999424e-03
8.174878028101000699e-03
7.142112834730000338e-03
1.212389467304200025e-02
2.926149142907700021e-02
3.531320193381799755e-02
8.524597226918999293e-03
4.366699465438800276e-02
1.196523929740599991e-02
1.195166224199599968e-02
1.034803878272000030e-02
7.291940476298999600e-03
7.047813871344999620e-03
7.960104726636999667e-03
8.660727016842000026e-03
4.418783478080499927e-02
1.034431514474799980e-02
2.471020357004600002e-02
4.724167451081499880e-02
9.749075748887999632e-03
6.703870658412300343e-02
5.333308849615400055e-02
8.088882555277999292e-03
8.082801580786999618e-02
7.771833209566999731e-03
7.401768610323000014e-03
8.553468386927000691e-03
3.904075071934400010e-02
7.528667280269000020e-03
4.711476948976699858e-02
1.936821988284000151e-02
1.296132775626300006e-02
1.001176995431900078e-02
4.556616211206900025e-02
8.103829530953999410e-03
7.738887144570999986e-03
8.678293327614000283e-03
2.376711026527000142e-02
7.081569155641000320e-03
4.477596868216900117e-02
7.291486476624999685e-03
9.405328790851000265e-03
4.236424922296899709e-02
9.015370347779999224e-03
2.083674448776099905e-02
8.853315861708999784e-03
8.144376249333999673e-03
7.368019435208999872e-03
7.274253653685999917e-03
5.438009711997199985e-02
8.056052237259999152e-03
5.569507369245799838e-02
1.031206987192400011e-02
2.087250507859200049e-02
4.918352937918200191e-02
7.196404085536000153e-03
9.070715297404999961e-03
9.365967158392000252e-03
2.375539836754600106e-02
8.801392311765000864e-03
7.695400765764999831e-03
8.697024723776000318e-03
8.094439928319999145e-03
1.261679879684499996e-02
1.493196647603199992e-02
9.302711978877000257e-03
2.482795997149599837e-02
5.763271212487500184e-02
8.517001124352999858e-03
8.269600898292999228e-03
8.627096357444999711e-03
3.460169590189599714e-02
3.744460783201000037e-02
9.008224428386000723e-03
7.240086744792999587e-03
2.829898164773100161e-02
5.590546869702200244e-02
6.779563800515999578e-03
4.839152563344999852e-02
9.873765028756999879e-03
8.081364370540000328e-03
7.529358147504000218e-03
1.110394493804999980e-02
8.028255070647000169e-03
7.868534260283999160e-03
9.836675316692000334e-03
8.810775997208000060e-03
9.182282827121999308e-03
7.583800971424000184e-03
7.148563142113000327e-03
1.183119631875900052e-02
1.491984706129000082e-02
5.268244436733200003e-02
9.737233547352000182e-03
9.749765785094999943e-03
1.110913228904300033e-02
7.117778400053000228e-03
1.654686380000200061e-02
1.101071567262299974e-02
1.779859482255000125e-02
1.204080721092199921e-02
1.752842523753300047e-02
1.023577427682299985e-02
8.788333162044999550e-03
1.579115073934700061e-02
8.105992407196999441e-03
7.323110292880999697e-03
9.419421224166999937e-03
7.034603694197999815e-03
3.947741343446699996e-02
7.402511121960999967e-03
4.417382394601999940e-02
1.087317720406900078e-02
5.003015106005700291e-02
1.685365716371000147e-02
1.091488550196799932e-02
7.074480903998999967e-03
8.709963586535999711e-03
1.087317720406900078e-02
8.917960852619999726e-03
2.980479008772899882e-02
9.574984266896999219e-03
8.117655420941000469e-03
7.312395992630000077e-03
8.206427700988999999e-03
1.321494845563499915e-02
7.756006612048000140e-03
9.261117765920999501e-03
8.481369074963999305e-03
7.165307420731999687e-03
1.060664947836000016e-02
1.355371148155100000e-02
4.514593526928500217e-02
6.874617224909200519e-02
9.846914899785999195e-03
1.069355667213599953e-02
7.603521093027999604e-03
5.142663802324100308e-02
9.475305907394000055e-03
6.150483308774400137e-02
3.240994874494099870e-02
3.177145164846700148e-02
8.837055158217999376e-03
8.235184581337999868e-03
7.655778134548999782e-03
9.261324790916999894e-03
7.113464387480000241e-03
7.968550097273000010e-03
7.841519213249999176e-03
8.521623325759000375e-03
8.915037195337999903e-03
8.312163255722999217e-03
9.703976082267999279e-03
8.546010188721000350e-03
1.274993767157299972e-02
6.826940808250900328e-02
3.782379206940599675e-02
6.439702762835999850e-02
8.890482061254999235e-03
2.285357375181799877e-02
1.128461584472600053e-02
8.983608579887999296e-03
1.141421502849700002e-02
1.032090268291399951e-02
3.478425797055999941e-02
1.766809598479299886e-02
9.580646867921000648e-03
8.138568800606000436e-03
3.104130312595099889e-02
1.764177951571600095e-02
6.653372057673899442e-02
2.109242872565200017e-02
3.043738055044099833e-02
8.047800894190000609e-03
4.415548279351499961e-02
1.019854078216999964e-02
5.074863562201799988e-02
8.656317623369999895e-03
9.263323507711999569e-03
9.201345094230999402e-03
9.699018755121000673e-03
1.674598375523300015e-02
1.519925085726099925e-02
1.227567206421800033e-02
8.081238643737999675e-03
9.641734152876000816e-03
4.741250872059300098e-02
7.047813871344999620e-03
7.439772930760000201e-03
1.366758564312799996e-02
1.490301615432100026e-02
7.944331718530000044e-03
1.483716864509800060e-02
7.534829170018000379e-03
1.531987370598899938e-02
8.884823850767999479e-03
1.598488247866700074e-02
7.505963487628999724e-03
1.141252896245299915e-02
5.063817409747899817e-02
9.003164655572999664e-03
1.788648768473799847e-02
7.463793210719000225e-03
1.359851792564199975e-02
7.323110292880999697e-03
8.994948679379000112e-03
4.883033255536999712e-02
4.810568034391399933e-02
8.489227384981999636e-03
1.293648067791700051e-02
3.099990149362200076e-02
3.325848321363000099e-02
6.108443590025500192e-02
1.258152425544700054e-02
7.992935147054000544e-03
6.046375907131699978e-02
1.428187366728199924e-02
4.933067947488500166e-02
8.429298223193999740e-03
2.913426478404200146e-02
9.638169252667999620e-03
9.220056064918999775e-03
1.406553763496399927e-02
6.950027809055000193e-03
3.087792948045699898e-02
7.303980268647000326e-03
1.000688818541800064e-02
2.387817815528099977e-02
9.689526600737999665e-03
4.240891274993299764e-02
4.299632134076900036e-02
7.891615854119999815e-03
3.249819752591699695e-02
2.470175428371600146e-02
8.450844031675999388e-03
7.290709150742999932e-03
8.328696245542999144e-03
7.654784474121999888e-03
1.683289297388399983e-02
8.534080065407000440e-03
5.629022252195099718e-02
8.287771571698000772e-03
6.208599465876300100e-02
9.487521877079999402e-03
7.930968055839999337e-03
7.546185479668000157e-03
9.371709438032000197e-03
3.909521231977199779e-02
3.249819752591699695e-02
1.538527708697699954e-02
8.215327128380000773e-03
4.996450509447199900e-02
6.216839758230099933e-02
