1.033791237841099990e-02
9.675258283368999221e-03
1.412381583009100078e-02
1.001769724333999995e-02
2.650962382054300112e-02
1.861286810829800020e-02
9.648258672397999960e-03
1.639031438560399970e-02
1.935244649567300149e-02
1.763183782872599845e-02
2.082562700569599856e-02
9.478865561270000475e-03
3.646361676754900083e-02
1.837044229778799984e-02
8.943371514307000072e-03
1.305508569441500046e-02
1.343998178497399915e-02
2.378504401091099951e-02
3.268195915127500295e-02
1.016456729295400069e-02
2.149215799943299948e-02
1.398106728867900064e-02
8.907775516363999890e-03
1.099100177700199944e-02
9.288184910694999991e-03
3.935740213269300208e-02
7.579074705714000139e-03
1.271370669136799927e-02
3.440359737141299862e-02
1.212878947083100012e-02
1.280117016529900079e-02
7.661527596976000325e-03
9.226047847973000218e-03
1.031902891015899944e-02
9.750204773081000420e-03
2.919900167904400032e-02
8.252698055145999897e-03
8.978695882684000623e-03
6.985320103382999801e-03
1.094400167555800024e-02
9.109110847132999289e-03
9.657176811744999298e-03
1.603837190192999862e-02
1.859949436390600022e-02
1.137949963930199974e-02
9.618622329912999980e-03
9.397071835110000146e-03
2.387777133411799965e-02
1.741857502540099939e-02
8.618473775922000021e-03
7.794631946671000053e-03
2.347567360925899987e-02
9.277962553721999517e-03
7.967197368547999925e-03
9.904505728707999404e-03
2.069952966764199848e-02
1.018243685763699918e-02
1.154800888324999941e-02
9.836137276771999421e-03
1.168964523083100039e-02
2.952264161536500078e-02
8.673439670908000831e-03
1.570606829671699831e-02
1.021572911389100058e-02
2.867777037459899939e-02
1.249252936828700034e-02
1.082076226276799946e-02
2.489545958117300034e-02
2.014519502713199919e-02
2.735868221832899946e-02
9.527082720548000691e-03
1.525092539985299991e-02
2.327090962450899941e-02
1.147634791915000049e-02
9.723630702399999742e-03
1.361758520676700085e-02
1.404884020556700086e-02
1.124173274452099948e-02
1.238701216752000067e-02
1.780930206427399839e-02
6.837894380890999907e-03
1.195570550428400047e-02
7.705007054312000038e-03
9.273979967953000642e-03
2.769606051667999891e-02
1.124199948774000021e-02
8.306733238679000347e-03
2.294330890305100110e-02
7.205781667116000107e-03
7.598563587733000307e-03
9.840407293980000733e-03
1.797644533159300020e-02
1.298925374299799915e-02
8.160192594102999575e-03
8.659236570860000606e-03
1.754004661763600148e-02
7.817376292615000818e-03
2.463693218286000172e-02
1.679550879391299850e-02
8.822127389008000212e-03
1.010112996495000047e-02
2.220739987481400168e-02
3.693081749751699755e-02
1.547498274774400037e-02
8.015883328136999900e-03
1.361517262119499999e-02
1.551767545876099955e-02
1.146014106798600059e-02
1.430543133575399965e-02
1.844264116741399853e-02
9.939377775246000316e-03
1.085887018568700013e-02
1.515745007839099968e-02
1.109611898069299933e-02
1.158692166251099921e-02
1.124349316266499976e-02
2.049497353976800079e-02
1.197580857582200044e-02
3.020351396310000033e-02
1.450823471038300075e-02
9.456611530337000193e-03
8.660977108227000537e-03
1.998661347984199976e-02
1.187005456532000056e-02
1.501764512278500052e-02
2.454203257127500135e-02
7.009026589087000332e-03
1.068449551232399965e-02
7.596274484680000209e-03
2.324972314159400033e-02
2.591477679240199866e-02
1.317008409326599939e-02
8.156797721069000001e-03
9.745034502877000099e-03
9.597155649187000606e-03
8.834047556135999485e-03
3.189061045874699851e-02
9.217779583479000088e-03
2.220016145181299971e-02
1.445383471245999946e-02
9.301842456005000523e-03
3.004042295707400057e-02
1.139529899361600013e-02
1.506028005718500033e-02
1.688666141845500054e-02
3.318572396763599941e-02
8.380694016027999405e-03
1.163046853970100061e-02
8.216299408644000407e-03
8.030231287575000793e-03
2.354345305414499989e-02
1.176050559726900084e-02
8.412645433503000703e-03
8.832950185324999273e-03
8.518170641594000406e-03
3.677221884745100061e-02
1.134745984459799989e-02
1.241243490170500056e-02
2.394400061994799919e-02
6.974829204057999762e-03
1.371680967967599946e-02
2.206453941136899896e-02
1.937465848026299897e-02
7.742547508903000267e-03
7.428135352259999588e-03
8.709052864210000550e-03
1.477525428590300074e-02
1.125203932940200061e-02
1.017265924263800053e-02
9.160640821507999923e-03
1.754961767821899832e-02
1.105221195580999988e-02
8.394547788843000069e-03
1.488687004007399964e-02
9.124223952807999916e-03
1.372976453322699922e-02
1.797482398482699861e-02
2.670618213051999951e-02
8.423474913660999527e-03
1.202686340489999943e-02
2.698734077996600006e-02
2.769115552097600047e-02
1.217615225402499980e-02
1.126437188501199990e-02
1.001435912452999961e-02
3.051953302944499999e-02
9.840193695569999718e-03
1.050028021094000057e-02
1.095722317333899971e-02
2.234627711135700120e-02
1.278310278363799929e-02
8.025265905341000261e-03
9.525931142401000348e-03
1.748994110768200064e-02
7.641367047939999664e-03
2.063466244520499940e-02
9.005767628723000337e-03
2.136925158436899994e-02
3.331677376334699764e-02
1.257758751747900007e-02
1.382413692318099942e-02
1.307949643893599988e-02
1.767084425652799828e-02
1.134514836490000018e-02
1.264993348078199964e-02
1.046214000535400021e-02
1.626701154865799887e-02
8.227054638943000209e-03
1.215748188604500075e-02
1.338396409028499989e-02
1.949567345575299940e-02
2.464004229846500013e-02
2.701558878036600109e-02
8.093811580884999191e-03
1.142708431027599988e-02
7.174516501769000187e-03
1.416790685553200035e-02
8.882959659683000234e-03
1.810430240208800098e-02
2.505664846715999899e-02
8.453909063087999137e-03
1.109272446712099985e-02
2.476711403216700150e-02
2.893882345059399855e-02
1.319754829945300051e-02
2.632723981914900091e-02
2.135629918907900118e-02
1.134742578200000074e-02
1.355498621669500026e-02
8.557077280760000057e-03
1.466383448158000043e-02
1.806418298501799927e-02
2.085462614858700145e-02
2.559561112385999940e-02
2.613270479670000077e-02
1.378693239939099945e-02
8.592842108442999213e-03
8.306583826573000345e-03
1.047892108815200000e-02
8.114294544365999520e-03
1.591303252663699846e-02
1.216410298155999950e-02
1.440104176800699985e-02
2.727294585240900085e-02
8.742012645900000545e-03
1.343523196988699944e-02
1.479605355668300003e-02
2.099988964186800047e-02
7.820805936030000155e-03
3.278461421653199731e-02
2.283518277915400074e-02
1.029482003675600069e-02
1.303068731678599934e-02
6.985365284538000256e-03
7.892513008568000782e-03
1.849300193115700069e-02
1.170520685337599932e-02
1.710466476588700172e-02
1.684154476882999962e-02
2.401355532809799909e-02
9.105866079542999578e-03
1.280251777076400060e-02
2.934872557870800078e-02
1.045207817203399996e-02
1.491875436593799974e-02
3.629078163729700102e-02
1.282829271560199935e-02
2.925425039252600029e-02
2.004450405961600082e-02
4.393931899001300018e-02
1.024160611405900041e-02
1.006159712310599960e-02
9.632689103908000094e-03
1.611308611692599882e-02
1.223293669582499986e-02
8.887414325452000149e-03
9.553091420158999272e-03
1.602468945069100009e-02
9.583412433523999172e-03
1.157119262795800081e-02
1.300572758520199962e-02
1.036453603068099999e-02
1.320762839052900053e-02
2.345550001654300026e-02
1.817551384441199944e-02
9.722459105172000585e-03
1.017539100567299917e-02
2.671070597446499953e-02
9.354683994363999916e-03
2.041911265786899854e-02
2.469169779031599871e-02
8.163230609226999196e-03
2.913442971962799943e-02
1.939155158955200089e-02
2.157097187833800084e-02
1.507749219716800031e-02
1.057552138101499999e-02
1.023841927680299926e-02
1.257473573105699974e-02
8.667282387125000570e-03
8.783282860703999287e-03
3.218104346048900055e-02
1.702771555809700146e-02
1.575291940055000006e-02
1.420266589334300000e-02
9.463057429361000292e-03
2.997972483389100065e-02
1.225239405992300037e-02
9.063346125383000759e-03
8.789152797946000670e-03
7.724091120669999803e-03
3.118449433002199941e-02
3.287512856730000210e-02
1.058514110259699964e-02
1.911028582728799968e-02
1.187049701413299928e-02
1.433879589487000068e-02
1.130594150749500079e-02
1.304691999166500069e-02
1.114597899408600011e-02
1.731511300612099957e-02
2.218162262120600137e-02
1.010755497510699985e-02
1.194455224780400018e-02
1.223397713632000047e-02
1.202555306367300049e-02
1.957580780837400031e-02
1.502119246096600066e-02
1.579490536566999920e-02
1.315298089741699997e-02
1.114515357838800035e-02
2.091435487873600022e-02
1.606805938429500119e-02
3.864571519086400231e-02
4.213855494284100139e-02
3.335810484956099747e-02
1.017637968209899983e-02
1.405275605306299976e-02
3.222181103949699893e-02
4.030921501200800117e-02
1.000390690042599930e-02
2.544417847516099868e-02
1.147407900529500042e-02
1.177325450079200024e-02
2.476411142064999932e-02
8.550301372251999793e-03
9.900284235190999135e-03
2.948667696208100153e-02
2.814422118245099927e-02
1.579595222900799859e-02
7.442356870862000366e-03
1.030423438034100067e-02
2.979010168351400173e-02
1.000380705528799985e-02
1.022986332075400025e-02
1.100363479554200032e-02
2.535715331876000136e-02
2.780201993995300158e-02
1.019345742537700050e-02
2.202853320031400094e-02
2.256046245413299844e-02
2.439787922613299853e-02
1.208238131216900040e-02
9.226220309613999623e-03
1.624033783211200135e-02
1.915721724689200059e-02
9.427223015012000523e-03
1.700605449962199964e-02
1.244103696599500007e-02
1.208902053540100024e-02
9.714637289741999415e-03
8.668197772107999813e-03
1.194766524227799942e-02
9.716218630927999506e-03
1.002293766138899998e-02
1.156041614361900081e-02
2.029822174471300131e-02
2.387570933428000142e-02
1.735138937968800157e-02
1.011946480571999929e-02
2.688528667629800153e-02
1.308597986449800028e-02
1.219273648844500062e-02
8.663495872881999543e-03
1.101645278998700066e-02
1.017124747159199941e-02
8.341652709890999898e-03
1.357874061794800066e-02
1.247698825685500043e-02
1.176948169419799947e-02
3.534221035235800279e-02
1.341821232004000025e-02
2.401610921062600004e-02
8.572316872262999640e-03
2.314025796453100109e-02
8.375861114298999155e-03
3.916394368897700012e-02
1.904188481842800096e-02
1.946645540170800076e-02
1.139107628125799951e-02
1.539202523341199995e-02
1.139281517951800000e-02
9.700634739631999390e-03
1.227408970843200074e-02
1.957384624711299911e-02
1.003980247082499923e-02
1.925179393642300132e-02
1.810939596163900142e-02
8.802257040549999953e-03
1.395057397147599944e-02
1.433298628002700054e-02
1.377185870956300004e-02
1.816610585737800029e-02
1.245929130489100041e-02
2.354836348887300035e-02
1.279488839278099949e-02
1.072880501590999999e-02
1.035010132605400021e-02
3.418531169961500082e-02
1.914512685897299879e-02
1.838565485969000102e-02
8.659641982746999270e-03
3.075723538612299898e-02
1.240639768987900071e-02
7.992104400355999963e-03
9.891030079316999457e-03
9.160520272684999701e-03
1.749574439202400064e-02
1.931962154397399989e-02
1.048263903656699962e-02
1.787292734667600067e-02
1.345607489683300038e-02
3.609123137938100023e-02
1.956936333956999993e-02
1.359955934201900057e-02
1.480166675729800013e-02
1.261374954495500002e-02
1.548021637120100026e-02
2.062207316240400115e-02
2.037869003455300074e-02
1.179619697429100042e-02
1.486979098476800057e-02
8.469915062063000308e-03
1.724831684144400093e-02
8.177487840869999275e-03
2.936268310340599957e-02
1.475881043633299992e-02
9.529242885808999336e-03
1.749824729445999955e-02
1.072608534672199986e-02
1.004720505908699921e-02
1.828637858254100051e-02
1.532901823220600077e-02
1.830387467603599924e-02
2.914763861362799913e-02
7.205444264186000418e-03
1.001651628768199936e-02
1.626278760659199962e-02
1.292387682980499983e-02
8.544031536620999914e-03
8.166856494118000104e-03
3.737310847595300134e-02
6.921685995664000370e-03
2.570821559242699936e-02
2.058461712773599836e-02
1.031069937400799948e-02
1.278796849215699943e-02
1.097033675363799990e-02
1.297514140132700021e-02
7.226401794310000071e-03
2.594481929241800044e-02
3.623087494192100272e-02
3.074576908567399833e-02
2.541688567171900004e-02
9.889908741705000575e-03
1.015635236274800048e-02
1.867516815531099911e-02
1.208499043660300060e-02
2.477539988068299878e-02
1.042801496828000066e-02
9.361133063653999387e-03
7.479367260379000265e-03
8.465073117853999171e-03
1.023977268523500010e-02
1.685636137250300093e-02
1.984028425690100017e-02
2.315618788302600123e-02
2.004260598064500076e-02
7.676978647023000382e-03
7.535382285971999744e-03
1.196431456304200037e-02
7.837816693260000675e-03
1.063473194446599990e-02
7.695733413425999772e-03
8.547460071836999670e-03
8.699049363154000292e-03
4.356102884790800239e-02
3.564071535781000027e-02
7.355938854295000426e-03
7.253385555345000235e-03
8.360579423941000288e-03
2.023754449811100004e-02
3.357207612486499959e-02
9.236550983562000564e-03
1.026967112366400023e-02
1.119490489677000059e-02
8.069969375973000750e-03
4.405682259562099939e-02
7.758122423328000367e-03
7.536802059011999712e-03
3.414704890653900288e-02
1.700452328545199940e-02
9.024171121788999994e-03
9.516245376642000139e-03
4.939127497827799917e-02
2.148986663732899843e-02
8.329828887619000061e-03
2.000281844696299993e-02
8.382742881280000682e-03
7.135611628353100144e-02
1.294022357661800057e-02
6.863717627863000388e-03
4.425573320113399683e-02
1.114880239680400044e-02
1.814280566837899941e-02
2.082754447343400026e-02
8.277626411352000807e-03
2.885555892529199917e-02
9.005348406903999903e-03
1.019705415394400044e-02
7.094239410038999730e-03
2.801037908554800115e-02
6.602198901514599871e-02
9.919943937686999738e-03
2.922642992507400173e-02
8.102553068744000261e-03
3.685334268157199750e-02
7.553394634523999916e-03
3.104130312595099889e-02
1.212389467304200025e-02
3.605753189336900061e-02
3.117205347840299942e-02
3.685334268157199750e-02
6.297839524408199718e-02
7.716169076341999715e-03
1.006945702423099956e-02
8.582096096193000609e-03
4.528808962844600022e-02
7.167364717021999787e-03
1.236820444165400053e-02
1.436890444379899934e-02
2.139071026134500147e-02
6.846649530019399688e-02
3.788518158541800268e-02
4.691471805908999787e-02
4.496506708404399838e-02
3.583008440215500190e-02
7.655071268819000317e-03
2.587981066499499966e-02
2.662026285400699924e-02
4.378486627994500335e-02
7.864152905659999374e-03
7.484958246834000177e-03
5.140420343939500203e-02
1.369515092836800021e-02
2.515852350273799914e-02
8.949850788760999737e-03
3.587329920516200282e-02
9.207687171062000492e-03
8.008707545234999836e-03
4.010815672171599844e-02
9.115740937465000374e-03
7.281407306952999633e-03
6.706103043376500372e-02
6.355646064574099752e-02
7.291940476298999600e-03
3.215156394501200027e-02
1.000001479389000039e-02
4.965203751330800330e-02
3.029120550842100135e-02
7.913027541361000727e-03
1.552712492766300002e-02
9.549503745835000515e-03
8.585553967280000129e-03
4.175030806739799677e-02
7.243971939166000268e-03
5.908039311876599892e-02
7.291486476624999685e-03
7.870351194372000522e-03
7.349217687398999603e-03
1.562726971947800067e-02
2.089190366438700014e-02
3.084354033241400173e-02
5.671978567881300060e-02
3.073285792725100052e-02
9.019712644605999696e-03
3.349176270855799831e-02
1.262638534525599952e-02
7.217761103972999970e-03
8.407290668393000224e-03
1.214451566076699997e-02
1.293648067791700051e-02
4.187853764751200275e-02
2.092750816731800065e-02
1.854739742707599975e-02
8.657407281193000084e-03
7.426155410928000217e-03
8.558095691199999952e-03
8.006824319595000697e-03
1.480123526852300010e-02
8.947189855777000836e-03
9.220056064918999775e-03
8.948391461512000475e-03
7.190971724769000019e-03
1.023577427682299985e-02
4.753120869605800131e-02
4.691471805908999787e-02
1.859579679553800130e-02
7.350843186791000336e-03
9.482285916058000308e-03
4.030454078863599660e-02
2.055969857462500161e-02
2.634772536045600078e-02
1.517849090693100013e-02
2.738239775882200105e-02
3.324778528249300313e-02
7.930679245363999458e-03
1.175975701734899986e-02
6.061757550139999784e-02
4.671255007656299751e-02
8.877042998423000444e-03
5.686598812912999762e-02
7.774206503621999657e-03
2.544540380693800091e-02
4.615089925739199878e-02
7.252969924670000026e-03
8.089246026716999730e-03
7.480741353632999573e-03
1.898160158259000127e-02
7.492876118141000331e-03
6.971907528952999734e-03
6.986608481621000080e-03
2.023754449811100004e-02
5.461413183291199958e-02
7.044341009994000390e-03
8.610316451170000468e-03
1.573608382319700155e-02
8.339724257113000777e-03
3.773299641265200066e-02
9.360641309799000095e-03
8.304199943009000703e-03
1.698131334947600157e-02
7.750470184117000047e-03
4.011596035317199771e-02
8.462825820547999547e-03
8.343613929514999417e-03
7.998530965260000625e-03
8.634988299559999761e-03
3.659179663365300095e-02
4.360452459545399728e-02
8.774657035148000772e-03
8.056052237259999152e-03
6.439702762835999850e-02
5.411906063551499835e-02
8.518585236264999278e-03
4.299612966845599987e-02
7.745817276687000028e-03
3.280415032058799779e-02
4.595302759449199775e-02
7.312395992630000077e-03
6.064557969948600191e-02
1.119367183227400024e-02
8.837055158217999376e-03
2.867183750084700139e-02
3.502476625857599973e-02
8.332982030963000455e-03
1.925688397799699830e-02
9.566581183668999497e-03
9.506368723661999531e-03
1.999702767502100145e-02
3.958637904089300219e-02
7.057742086219000351e-03
7.339529646662000008e-03
9.586711285803000554e-03
7.285958240044999867e-03
7.701983476199000291e-03
7.057165472906999810e-03
1.385033806917800037e-02
8.608885798133000811e-03
8.923991701464000642e-03
7.495015429409000382e-03
2.001293500520799976e-02
1.048730403144599969e-02
1.564974710878999989e-02
3.142196901704299994e-02
6.683502689459600021e-02
3.218214976360599805e-02
1.186433340019600081e-02
1.201411265356800047e-02
7.507230381154000008e-03
7.526775726937999685e-03
7.678780411118999588e-03
1.143513361359499957e-02
7.359862222967800127e-02
1.266251248324399940e-02
7.244522713923000345e-03
5.116818929969300239e-02
3.337430218698000245e-02
1.405607023557100058e-02
8.664001859397999980e-03
8.872719797308999470e-03
3.602308515562099855e-02
1.054132345115599972e-02
1.187495981223300051e-02
8.519736381521999732e-03
1.537858756307700081e-02
7.187627759527999774e-03
1.497748711741300059e-02
7.230721721247000341e-03
8.414193942684000671e-03
7.274253653685999917e-03
4.859493554905300328e-02
1.098432598038000078e-02
5.558083859675599925e-02
3.594649205516200346e-02
1.166326492399499988e-02
7.254551902666999882e-03
7.815945164289999497e-03
2.292383439952400126e-02
5.716562943800199831e-02
7.889633800634000133e-03
3.445133673518299688e-02
2.157766188668600038e-02
9.344101188448000750e-03
8.388109775932999640e-03
1.244141757023099933e-02
2.404812327018500048e-02
7.582198745976999853e-03
2.966987356263999995e-02
1.002048573795299991e-02
7.310523871120000114e-03
7.094239410038999730e-03
9.403882121497000521e-03
7.229231970160000104e-03
7.564624102631999948e-03
7.196404085536000153e-03
7.139549060837999811e-03
9.471632663836999921e-03
8.635865822070000128e-03
3.015108561753400071e-02
5.726241947977699781e-02
1.307646968433999989e-02
5.724301534028099908e-02
1.323878775855900046e-02
7.272046108656999956e-03
8.992045241521999174e-03
7.226155864227999659e-03
7.335584868384000153e-03
2.354222324256900062e-02
5.696847069231600336e-02
9.233283734199000323e-03
2.088386406388000049e-02
8.890541934176999714e-03
9.614647515012000531e-03
5.177855976930600262e-02
2.347465141522700124e-02
7.117778400053000228e-03
9.178545805354999462e-03
4.806018489287500195e-02
1.464516536858899952e-02
7.714395566325999744e-03
6.372805202234199662e-02
1.617600429608000157e-02
9.470958826040999298e-03
4.265838893537000215e-02
7.154950934673999854e-03
7.764716783904999572e-03
8.329056530069000458e-03
3.714661843220500026e-02
8.248880108316999568e-03
2.886408184993500062e-02
9.327758122165999768e-03
7.719514390335999870e-03
4.128995973123800178e-02
8.105020577977999768e-03
6.965383725418000313e-03
6.669267132442900647e-02
